export let K = {
  foresight: [
    [9.540717925e2, 0.0, 9.66570371e2],
    [0.0, 9.540717925e2, 5.368799309999999e2],
    [0.0, 0.0, 1.0],
  ],
  rearview: [
    [1.9621381349999999e3, 0.0, 9.6278714400000001e2],
    [0.0, 1.9621381349999999e3, 6.4735782900000004e2],
    [0.0, 0.0, 1.0],
  ],
  right_front: [
    [1.1492444069999999e3, 0.0, 9.6206390399999998e2],
    [0.0, 1.1492444069999999e3, 6.4719616499999995e2],
    [0.0, 0.0, 1.0],
  ],
  right_back: [
    [1.1532109330000001e3, 0.0, 9.5956127800000002e2],
    [0.0, 1.1532109330000001e3, 6.4247603800000002e2],
    [0.0, 0.0, 1.0],
  ],
  left_back: [
    [1.1534365740000001e3, 0.0, 9.6015438900000004e2],
    [0.0, 1.1534365740000001e3, 6.33016614e2],
    [0.0, 0.0, 1.0],
  ],
  left_front: [
    [1.1492444069999999e3, 0.0, 9.6206390399999998e2],
    [0.0, 1.1492444069999999e3, 6.4719616499999995e2],
    [0.0, 0.0, 1.0],
  ],
};
export let D = {
  foresight: [
    5.4447100000000004e-1, 3.0317e-2, -2.8e-5, -5.0000000000000004e-6,
    -3.9599999999999998e-4, 9.0544999999999998e-1, 1.40287e-1, 0.0,
  ],
  rearview: [
    -5.0680499999999995e-1, 2.7776699999999999e-1, -7.9100000000000004e-4,
    -1.63e-4, -1.0025199999999999e-1, 0.0, 0.0, 0.0,
  ],
  right_front: [
    5.1997000000000004e-1, -2.89682e-1, 1.17e-4, -1.2e-5,
    -3.2073999999999998e-2, 8.9088000000000001e-1, -1.96023e-1, -1.29271e-1,
  ],
  right_back: [
    3.7606830000000002, 1.5822480000000001, 2.1800000000000001e-4, -1.17e-4,
    5.9194999999999998e-2, 4.1356029999999997, 2.8630520000000002,
    3.6280299999999999e-1,
  ],
  left_back: [
    6.03881e-1, -1.5065899999999999e-1, -5.5999999999999999e-5,
    -1.3300000000000001e-4, -1.9139e-2, 9.7446200000000005e-1, -2.4149e-2,
    -7.6580999999999996e-2,
  ],
  left_front: [
    5.1997000000000004e-1, -2.89682e-1, 1.17e-4, -1.2e-5,
    -3.2073999999999998e-2, 8.9088000000000001e-1, -1.96023e-1, -1.29271e-1,
  ],
};
export let ext_lidar2cam = {
  foresight: [
    [
      -4.8593496491825964e-3, -9.998802397339932e-1, 1.4693294745542519e-2,
      1.5203799574196503e-2,
    ],
    [
      -1.6248067543246321e-2, -1.4612581067775694e-2, -9.9976120787698497e-1,
      -4.3247519544460622e-1,
    ],
    [
      9.9985618316940827e-1, -5.0969269202218222e-3, -1.6175114029669858e-2,
      -1.0379069877387195,
    ],
    [0.0, 0.0, 0.0, 1.0],
  ],
  rearview: [
    [
      -2.7895788597170759e-2, 9.9951471343098852e-1, -1.3862273028273562e-2,
      2.4016999062767767e-2,
    ],
    [
      5.4048855195221797e-2, -1.233920615772101e-2, -9.9846204997660437e-1,
      -4.118685284781114e-1,
    ],
    [
      -9.9814855919879375e-1, -2.8602126256026882e-2, -5.367841412529243e-2,
      -1.4507312122468505,
    ],
    [0.0, 0.0, 0.0, 1.0],
  ],
  right_front: [
    [
      -6.8215566953450824e-1, -7.3110663426519829e-1, -1.2113292506183019e-2,
      4.1802658579282004e-2,
    ],
    [
      -1.9007331137683388e-2, 3.4290398578370539e-2, -9.9923114939855573e-1,
      -7.3298217689607559e-1,
    ],
    [
      7.3095989211785706e-1, -6.8140095237587506e-1, -3.7287775695269317e-2,
      -1.6212074389435358,
    ],
    [0.0, 0.0, 0.0, 1.0],
  ],
  right_back: [
    [
      -7.996950907415713e-1, 5.9977811740171583e-1, -2.7458545662206131e-2,
      1.7657505677775041,
    ],
    [
      2.8591718357316599e-2, -7.6392608843000405e-3, -9.9956198173725952e-1,
      -1.0225342150562087,
    ],
    [
      -5.9972516662651887e-1, -8.0012989669127765e-1, -1.1039607583562568e-2,
      1.9956660976355511e-1,
    ],
    [0.0, 0.0, 0.0, 1.0],
  ],
  left_back: [
    [
      7.5289242814067525e-1, 6.5727147884321546e-1, 3.3870263472410629e-2,
      -1.7221172998347576,
    ],
    [
      2.164534541270411e-2, 2.6706814370542627e-2, -9.9940893786684826e-1,
      -1.019231603540206,
    ],
    [
      -6.5778755740010975e-1, 7.5318055548814444e-1, 5.8804901298598854e-3,
      2.9215200669921776e-1,
    ],
    [0.0, 0.0, 0.0, 1.0],
  ],
  left_front: [
    [
      7.1671998676762527e-1, -6.9729096006115665e-1, 9.888254891832076e-3,
      -9.3608060886944178e-2,
    ],
    [
      -5.3187023031120925e-3, -1.9644922699091683e-2, -9.9979287275813167e-1,
      -7.7198846395326703e-1,
    ],
    [
      6.9734078611079853e-1, 7.1651894184950682e-1, -1.7788591772160564e-2,
      -1.5105428570905695,
    ],
    [0.0, 0.0, 0.0, 1.0],
  ],
};
